00000001
00001001
10000000
00100000
00000101
01001011
10001000
00100000
00001001
10001101
10010000
00100000
00001101
11001111
10011000
00100000
00010011
00011001
10100000
00100000
00010110
00010001
10101000
00100000
00011010
01010110
00000000
00101101
00011110
01110111
00000000
00100101
00100001
00010000
00000000
01000010
00100101
00110001
00000000
01011001
00101001
01010010
11111111
11111111
00101110
01010011
00000000
00100001
00110010
01010100
00000000
10000001
00110110
01010101
00000000
00110000
00111000
00010110
00000001
01011010
00111110
01010111
00000000
00011000
01000010
01010000
00000000
01001001
01000110
01010001
00000000
01011011
01001001
00001001
00000000
00000001
01001101
01001011
00000000
00000001
01010001
10000000
00000000
00000100
01010100
00000000
00000000
00001100
01011000
00000000
00000000
00001111
01011111
11100000
00000000
00000000
00000100
01000001
00011000
00100000
00000100
01000001
00011000
00100000
00000100
01000001
00011000
00100000
00000100
01000001
00011000
00100000
00000100
01000001
00011000
00100000
00000100
01000001
00011000
00100000
00000100
01000001
00011000
00100000
00000100
01000001
00011000
00100000
00000100
01000001
00011000
00100000
00000100
01000001
00011000
00100000
00000100
01000001
00011000
00100000
00000100
01000001
00011000
00100000
00000100
01000001
00011000
00100000
00000100
01000001
00011000
00100000
00000100
01000001
00011000
00100000
00000100
01000001
00011000
00100000
00000100
01000001
00011000
00100000
00000100
01000001
00011000
00100000
00000100
01000001
00011000
00100000
00000100
01000001
00011000
00100000
00000100
01000001
00011000
00100000
00000100
01000001
00011000
00100000
00000100
01000001
00011000
00100000
00000100
01000001
00011000
00100000
00000100
01000001
00011000
00100000
00000100
01000001
00011000
00100000
00000100
01000001
00011000
00100000
00000100
01000001
00011000
00100000
00000100
01000001
00011000
00100000
00000100
01000001
00011000
00100000
00000100
01000001
00011000
00100000
00000100
01000001
00011000
00100000
00000100
01000001
00011000
00100000
00000100
01000001
00011000
00100000
00000100
01000001
00011000
00100000
00000100
01000001
00011000
00100000
00000100
01000001
00011000
00100000
00000100
01000001
00011000
00100000
00000100
01000001
00011000
00100000
00000100
01000001
00011000
00100000